0 0 0 0 0 0 0 0 0 0 0 0 0 0 0 0 0 0 0 0 0 0 0 0 0 0 11 33 49 62 78 70 72 68 51 32 18 6 0 0 0 0 0 0 0 0 0 0 0 0 0 0 0 0 0 0 0 0 0 0 0 0 0 0
0 0 0 0 0 0 0 0 0 0 0 0 0 0 0 0 0 0 0 0 0 0 0 2 20 39 51 61 56 53 51 37 39 34 34 38 41 41 29 10 1 0 0 0 0 0 0 0 0 0 0 0 0 0 0 0 0 0 0 0 0 0 0 0
0 0 0 0 0 0 0 0 0 0 0 0 0 0 0 0 0 0 0 0 0 0 17 39 58 77 53 42 33 28 26 19 18 16 20 25 24 28 30 26 25 7 0 0 0 0 0 0 0 0 0 0 0 0 0 0 0 0 0 0 0 0 0 0
0 0 0 0 0 0 0 0 0 0 0 0 0 0 0 0 0 0 0 0 3 22 41 46 47 78 70 34 25 20 18 17 17 17 18 17 17 17 16 18 22 20 10 1 0 0 0 0 0 0 0 0 0 0 0 0 0 0 0 0 0 0 0 0
0 0 0 0 0 0 0 0 0 0 0 0 0 0 0 0 0 0 0 7 30 32 34 40 41 61 68 52 37 20 19 19 17 17 17 17 17 17 17 17 17 17 19 15 2 0 0 0 0 0 0 0 0 0 0 0 0 0 0 0 0 0 0 0
0 0 0 0 0 0 0 0 0 0 0 0 0 0 0 0 0 0 11 35 37 34 38 36 39 50 63 56 49 35 26 29 23 17 17 17 17 17 17 17 17 17 17 18 14 3 0 0 0 0 0 0 0 0 0 0 0 0 0 0 0 0 0 0
0 0 0 0 0 0 0 0 0 0 0 0 0 0 0 0 0 9 37 42 42 41 39 32 29 39 52 54 52 45 35 42 40 26 22 20 18 17 16 17 17 17 17 17 18 15 3 0 0 0 0 0 0 0 0 0 0 0 0 0 0 0 0 0
0 0 0 0 0 0 0 0 0 0 0 0 0 0 0 0 6 37 40 37 39 38 32 30 32 37 47 64 63 54 53 53 53 45 40 40 40 37 27 19 17 17 17 17 17 18 15 2 0 0 0 0 0 0 0 0 0 0 0 0 0 0 0 0
0 0 0 0 0 0 0 0 0 0 0 0 0 0 0 4 32 42 38 34 30 23 26 34 39 44 49 54 57 57 56 54 55 58 60 60 64 65 49 30 20 17 17 17 17 17 18 12 1 0 0 0 0 0 0 0 0 0 0 0 0 0 0 0
0 0 0 0 0 0 0 0 0 0 0 0 0 0 0 18 34 29 25 25 23 23 37 54 59 67 73 71 69 67 69 78 78 90 111 108 104 84 63 46 33 22 17 17 17 17 17 18 8 0 0 0 0 0 0 0 0 0 0 0 0 0 0 0
0 0 0 0 0 0 0 0 0 0 0 0 0 0 7 25 24 21 18 20 27 40 55 73 94 111 102 107 114 116 138 145 140 157 169 162 149 116 90 65 45 32 22 17 17 17 17 17 16 3 0 0 0 0 0 0 0 0 0 0 0 0 0 0
0 0 0 0 0 0 0 0 0 0 0 0 0 1 17 20 18 20 22 31 43 56 79 116 141 151 142 155 162 164 185 181 177 192 197 190 177 143 110 78 58 46 35 22 17 17 17 17 18 13 0 0 0 0 0 0 0 0 0 0 0 0 0 0
0 0 0 0 0 0 0 0 0 0 0 0 0 9 19 22 27 31 37 49 59 78 122 160 179 189 188 196 187 180 199 205 205 207 209 207 195 170 149 112 74 58 51 40 28 20 18 17 17 18 7 0 0 0 0 0 0 0 0 0 0 0 0 0
0 0 0 0 0 0 0 0 0 0 0 0 2 16 19 27 37 41 48 59 79 96 148 182 198 205 210 213 204 199 204 216 221 219 218 215 203 196 186 152 108 72 65 58 48 38 28 22 17 17 14 0 0 0 0 0 0 0 0 0 0 0 0 0
0 0 0 0 0 0 0 0 0 0 0 0 8 19 23 26 33 46 52 66 120 138 184 200 211 216 222 223 220 216 217 219 222 226 225 218 215 209 203 179 153 113 78 64 57 46 33 26 18 17 18 5 0 0 0 0 0 0 0 0 0 0 0 0
0 0 0 0 0 0 0 0 0 0 0 1 16 18 21 21 31 43 61 98 134 166 205 210 222 231 235 233 231 226 228 226 230 235 233 231 226 222 218 202 185 158 116 86 66 55 39 24 19 17 18 13 0 0 0 0 0 0 0 0 0 0 0 0
0 0 0 0 0 0 0 0 0 0 0 7 20 20 20 20 36 54 82 117 144 189 204 223 240 243 242 239 236 232 233 233 237 237 236 237 235 235 231 221 207 185 162 129 84 65 46 25 22 18 17 17 4 0 0 0 0 0 0 0 0 0 0 0
0 0 0 0 0 0 0 0 0 0 0 15 20 18 17 26 50 61 92 143 190 209 224 237 244 248 249 246 242 241 239 237 241 242 243 246 246 239 232 231 219 201 178 152 105 68 54 28 19 18 17 18 11 0 0 0 0 0 0 0 0 0 0 0
0 0 0 0 0 0 0 0 0 0 2 16 19 19 17 27 50 82 149 196 211 222 231 238 243 248 251 251 250 247 240 243 246 246 247 249 250 242 228 222 213 200 186 170 153 109 68 43 25 20 18 17 14 0 0 0 0 0 0 0 0 0 0 0
0 0 0 0 0 0 0 0 0 0 4 21 25 23 27 54 96 147 187 204 211 217 222 231 239 245 249 248 244 240 241 244 246 248 251 252 250 241 213 202 202 200 196 195 195 175 135 83 52 28 18 17 16 2 0 0 0 0 0 0 0 0 0 0
0 0 0 0 0 0 0 0 0 0 8 20 17 22 60 116 166 196 213 225 234 233 222 224 234 236 239 238 234 236 235 231 235 239 242 246 245 228 193 200 212 212 221 226 216 201 178 130 79 50 23 17 17 4 0 0 0 0 0 0 0 0 0 0
0 0 0 0 0 0 0 0 0 0 9 18 19 48 111 160 195 222 233 238 246 245 237 230 223 219 220 219 221 224 218 212 215 215 217 219 221 214 208 220 219 207 189 177 161 153 169 151 97 68 40 18 17 7 0 0 0 0 0 0 0 0 0 0
0 0 0 0 0 0 0 0 0 0 12 18 33 83 148 182 208 215 207 198 193 196 192 193 203 207 203 200 197 200 200 197 193 189 183 180 190 196 188 156 115 86 63 55 57 58 72 88 92 83 61 35 18 9 0 0 0 0 0 0 0 0 0 0
0 0 0 0 0 0 0 0 0 0 15 22 52 113 166 194 195 158 112 89 72 67 66 70 92 119 143 161 162 169 180 184 178 168 154 141 121 93 64 41 33 34 36 43 48 63 70 63 57 66 72 53 27 11 0 0 0 0 0 0 0 0 0 0
0 0 0 0 0 0 0 0 0 1 19 33 71 127 166 146 96 72 61 55 45 35 31 31 28 28 43 72 102 132 155 169 171 156 130 94 53 33 26 22 21 32 48 67 88 108 110 95 84 74 75 70 47 17 0 0 0 0 0 0 0 0 0 0
0 0 0 0 0 0 0 0 0 4 24 41 81 124 104 74 80 98 100 93 87 75 56 47 43 39 35 42 66 100 127 146 155 145 116 71 47 35 32 31 33 44 62 88 108 105 100 93 90 93 92 87 69 37 2 0 0 0 0 0 0 0 0 0
0 0 0 0 0 0 0 0 0 8 30 51 91 107 103 107 107 117 119 123 120 100 75 58 48 45 46 49 57 73 109 141 150 144 104 62 46 39 33 26 24 30 34 41 48 56 67 75 82 83 81 90 89 58 8 0 0 0 0 0 0 0 0 0
0 0 0 0 0 0 0 0 0 13 35 64 109 120 113 107 107 105 97 76 58 41 38 35 29 26 32 41 49 64 103 150 163 138 88 56 36 24 17 17 18 19 18 18 20 21 26 38 54 63 73 100 110 77 17 0 0 0 0 0 0 0 0 0
0 0 0 0 0 0 0 0 0 21 47 89 138 121 93 83 79 67 45 31 26 22 19 18 22 28 22 23 32 55 108 168 192 175 118 59 28 16 20 37 22 15 14 35 59 32 27 27 35 59 95 124 134 107 33 0 0 0 0 0 0 0 0 0
0 0 0 0 0 0 0 0 0 29 63 137 166 137 95 62 47 32 25 31 59 30 16 16 42 66 34 22 37 58 127 203 234 226 162 68 40 33 44 63 51 39 39 62 66 55 61 81 103 126 146 155 158 136 53 0 0 0 0 0 0 0 0 0
0 0 0 0 0 0 0 0 3 45 110 178 181 171 145 101 83 76 68 66 76 69 56 63 86 78 69 71 74 83 172 237 254 251 217 129 71 91 84 70 72 76 80 79 79 91 114 144 185 195 188 181 175 157 82 0 0 0 0 0 0 0 0 0
0 0 0 0 0 0 0 0 7 87 171 198 195 196 200 201 197 172 138 112 95 94 89 84 73 65 74 101 116 145 215 251 255 255 248 197 128 113 101 82 69 73 91 105 118 129 147 188 216 216 206 190 178 170 112 6 0 0 0 0 0 0 0 0
0 0 0 0 0 0 0 0 11 126 187 200 203 212 225 235 234 214 187 166 141 118 90 70 68 88 119 165 180 202 237 253 255 255 249 219 190 179 169 141 111 95 87 93 116 160 195 219 226 223 212 191 179 175 124 4 0 0 0 0 0 0 0 0
0 0 0 0 0 0 0 0 16 148 187 193 200 218 237 246 247 240 225 202 177 147 124 116 121 151 195 221 225 229 243 253 254 254 247 223 210 215 222 209 180 155 147 162 185 202 216 224 227 221 208 191 173 176 129 3 0 0 0 0 0 0 0 0
0 0 0 0 0 0 0 0 20 156 189 195 201 219 237 247 250 250 246 233 217 198 178 166 187 224 242 244 233 231 242 253 255 255 251 232 213 219 231 238 237 220 201 200 210 221 229 233 226 211 195 181 163 167 126 3 0 0 0 0 0 0 0 0
0 0 0 0 0 0 0 0 21 155 182 192 196 211 228 239 247 251 251 249 239 229 224 232 245 248 246 238 228 229 242 254 255 255 252 238 209 207 218 233 241 241 237 234 232 231 230 224 214 202 188 172 162 167 120 3 0 0 0 0 0 0 0 0
0 0 0 0 0 0 0 0 19 150 175 186 191 202 219 230 237 243 245 247 248 249 251 253 252 248 239 223 215 219 242 255 255 255 253 238 199 176 189 213 229 237 239 240 237 230 228 220 212 200 182 164 156 169 109 2 0 0 0 0 0 0 0 0
0 0 0 0 0 0 0 0 14 130 167 181 187 197 210 221 230 234 241 248 251 253 253 253 251 243 222 196 191 215 247 255 255 255 252 234 196 160 138 178 212 223 230 232 231 228 224 215 207 199 179 152 152 168 92 0 0 0 0 0 0 0 0 0
0 0 0 0 0 0 0 0 3 106 164 175 184 194 206 215 221 228 240 245 248 250 250 249 242 226 192 161 217 239 249 254 255 255 248 230 217 210 132 137 192 210 219 222 221 223 221 209 196 191 178 148 147 158 82 0 0 0 0 0 0 0 0 0
0 0 0 0 0 0 0 0 0 85 154 170 178 189 199 208 213 224 238 244 247 246 244 239 228 209 158 164 249 249 245 244 245 246 237 222 222 233 171 121 172 193 201 207 211 214 208 196 187 178 164 142 142 142 68 0 0 0 0 0 0 0 0 0
0 0 0 0 0 0 0 0 0 59 147 167 170 178 196 207 212 223 235 238 238 235 226 220 213 194 153 180 243 224 203 199 202 205 203 182 186 204 169 123 159 180 187 190 191 190 185 179 170 155 142 133 139 130 56 0 0 0 0 0 0 0 0 0
0 0 0 0 0 0 0 0 0 32 128 157 165 172 193 202 202 221 228 222 219 221 212 207 204 193 178 168 177 129 110 149 154 151 153 124 81 112 121 141 159 175 181 179 187 188 180 171 156 137 126 128 133 118 56 0 0 0 0 0 0 0 0 0
0 0 0 0 0 0 0 0 0 16 103 145 162 167 179 188 196 211 216 205 198 197 197 202 198 196 204 171 95 44 33 78 129 140 122 54 36 51 98 168 174 178 178 171 177 178 173 163 146 129 117 119 125 108 49 0 0 0 0 0 0 0 0 0
0 0 0 0 0 0 0 0 0 2 79 138 160 158 168 183 186 198 205 202 195 189 189 192 199 209 222 209 129 56 44 41 59 73 52 41 49 67 138 184 191 191 183 170 161 155 150 145 136 123 118 115 114 107 37 0 0 0 0 0 0 0 0 0
0 0 0 0 0 0 0 0 0 0 46 134 152 150 158 171 176 188 193 192 187 183 185 191 207 231 234 223 202 153 107 73 55 42 43 61 79 119 172 197 208 207 193 174 163 152 144 136 133 125 119 115 113 106 20 0 0 0 0 0 0 0 0 0
0 0 0 0 0 0 0 0 0 0 13 117 149 148 153 162 168 171 174 176 177 175 179 192 214 232 233 226 215 200 168 118 67 48 60 104 124 142 166 189 197 198 196 183 168 152 140 132 127 123 113 112 116 103 7 0 0 0 0 0 0 0 0 0
0 0 0 0 0 0 0 0 0 0 0 85 155 153 148 150 155 156 158 159 167 174 182 195 213 215 211 205 192 191 200 184 142 126 149 159 159 167 164 169 176 180 184 180 165 156 143 130 120 118 117 111 120 88 0 0 0 0 0 0 0 0 0 0
0 0 0 0 0 0 0 0 0 0 0 38 145 154 146 142 149 156 158 156 161 173 184 198 200 191 180 166 175 182 133 102 117 142 105 82 84 111 139 133 131 146 163 162 163 147 138 130 123 124 120 115 124 68 0 0 0 0 0 0 0 0 0 0
0 0 0 0 0 0 0 0 0 0 0 3 116 162 152 147 152 156 156 155 157 174 188 190 181 154 127 127 141 86 60 68 68 67 66 61 48 38 59 80 74 96 138 152 164 155 138 132 130 123 114 115 126 41 0 0 0 0 0 0 0 0 0 0
0 0 0 0 0 0 0 0 0 0 0 0 53 161 164 156 149 149 153 157 160 172 182 179 153 93 57 61 53 45 55 43 44 44 43 57 85 105 92 56 33 57 109 141 152 150 136 130 126 107 104 120 120 17 0 0 0 0 0 0 0 0 0 0
0 0 0 0 0 0 0 0 0 0 0 0 4 120 167 167 156 151 153 158 158 163 167 150 108 55 36 89 154 194 212 176 153 133 148 195 196 180 141 112 84 67 77 106 129 136 131 122 112 99 111 128 93 0 0 0 0 0 0 0 0 0 0 0
0 0 0 0 0 0 0 0 0 0 0 0 0 54 159 161 158 153 149 146 146 155 156 122 80 66 95 141 146 165 177 196 201 175 180 173 143 127 105 93 89 83 77 87 106 112 109 100 93 98 114 120 58 0 0 0 0 0 0 0 0 0 0 0
0 0 0 0 0 0 0 0 0 0 0 0 0 4 124 154 150 147 145 144 145 148 133 106 92 91 99 110 110 112 113 123 136 134 128 111 92 84 75 73 79 91 91 94 100 101 100 96 98 108 115 112 32 0 0 0 0 0 0 0 0 0 0 0
0 0 0 0 0 0 0 0 0 0 0 0 0 0 52 154 147 143 142 139 137 130 116 102 100 105 100 89 85 83 80 75 70 64 62 63 66 67 69 73 91 114 111 96 93 97 98 95 105 112 115 75 4 0 0 0 0 0 0 0 0 0 0 0
0 0 0 0 0 0 0 0 0 0 0 0 0 0 0 72 147 142 139 134 129 117 101 98 107 121 122 102 80 70 60 50 39 35 37 42 50 60 70 81 98 111 107 94 91 91 97 103 108 110 88 10 0 0 0 0 0 0 0 0 0 0 0 0
0 0 0 0 0 0 0 0 0 0 0 0 0 0 0 0 82 143 137 130 124 113 102 101 109 114 111 102 95 85 80 92 107 118 129 124 111 104 98 99 103 99 98 97 97 96 100 105 107 94 21 0 0 0 0 0 0 0 0 0 0 0 0 0
0 0 0 0 0 0 0 0 0 0 0 0 0 0 0 0 1 93 138 122 120 119 112 111 107 103 102 108 115 128 153 178 178 176 177 179 176 160 139 121 102 91 94 96 96 94 95 98 98 32 0 0 0 0 0 0 0 0 0 0 0 0 0 0
0 0 0 0 0 0 0 0 0 0 0 0 0 0 0 0 0 8 92 122 111 114 111 105 106 112 121 129 147 177 191 188 177 171 166 161 162 156 147 135 123 108 100 103 96 89 90 93 40 0 0 0 0 0 0 0 0 0 0 0 0 0 0 0
0 0 0 0 0 0 0 0 0 0 0 0 0 0 0 0 0 0 6 65 108 96 98 102 108 119 130 138 156 175 174 160 138 120 112 110 115 126 135 136 131 121 110 95 82 78 75 28 0 0 0 0 0 0 0 0 0 0 0 0 0 0 0 0
0 0 0 0 0 0 0 0 0 0 0 0 0 0 0 0 0 0 0 0 28 83 96 103 118 123 128 144 157 153 130 111 99 91 86 84 88 96 112 122 121 118 103 79 76 66 17 0 0 0 0 0 0 0 0 0 0 0 0 0 0 0 0 0
0 0 0 0 0 0 0 0 0 0 0 0 0 0 0 0 0 0 0 0 0 9 58 91 107 127 139 148 149 131 106 88 83 86 88 84 85 88 96 109 120 113 88 77 60 10 0 0 0 0 0 0 0 0 0 0 0 0 0 0 0 0 0 0
0 0 0 0 0 0 0 0 0 0 0 0 0 0 0 0 0 0 0 0 0 0 0 21 59 96 124 140 146 132 116 100 92 91 90 89 97 106 114 124 113 83 55 24 3 0 0 0 0 0 0 0 0 0 0 0 0 0 0 0 0 0 0 0
0 0 0 0 0 0 0 0 0 0 0 0 0 0 0 0 0 0 0 0 0 0 0 0 0 9 43 90 127 140 141 136 130 120 119 124 126 121 110 88 53 20 2 0 0 0 0 0 0 0 0 0 0 0 0 0 0 0 0 0 0 0 0 0
0 0 0 0 0 0 0 0 0 0 0 0 0 0 0 0 0 0 0 0 0 0 0 0 0 0 0 4 28 44 62 75 87 98 97 82 63 41 23 12 1 0 0 0 0 0 0 0 0 0 0 0 0 0 0 0 0 0 0 0 0 0 0 0
